[gd_scene format=3 uid="uid://doxvseqxh15ud"]

[node name="gate" type="Node3D"]

[node name="CSGBox3D" type="CSGBox3D" parent="."]
transform = Transform3D(1, 0, 0, 0, 1, 0, 0, 0, 1, -1.5, 1, 0)
size = Vector3(0.5, 2, 1)

[node name="CSGBox3D3" type="CSGBox3D" parent="."]
transform = Transform3D(0.906308, -0.422618, 0, 0.422618, 0.906308, 0, 0, 0, 1, -1.9, 2.8, 0)
size = Vector3(0.5, 2, 1)

[node name="CSGBox3D5" type="CSGBox3D" parent="."]
transform = Transform3D(0.34202, -0.939693, 0, 0.939693, 0.34202, 0, 0, 0, 1, -3.13763, 3.89144, 0)
size = Vector3(0.5, 2, 1)

[node name="CSGBox3D2" type="CSGBox3D" parent="."]
transform = Transform3D(-1, 0, -8.74228e-08, 0, 1, 0, 8.74228e-08, 0, -1, -6.45842, 1, 5.93783e-08)
size = Vector3(0.5, 2, 1)

[node name="CSGBox3D4" type="CSGBox3D" parent="."]
transform = Transform3D(-0.906308, 0.422618, -8.74228e-08, 0.422618, 0.906308, 0, 7.9232e-08, -3.69465e-08, -1, -6.05842, 2.8, 2.44092e-08)
size = Vector3(0.5, 2, 1)

[node name="CSGBox3D6" type="CSGBox3D" parent="."]
transform = Transform3D(-0.34202, 0.939693, -8.74228e-08, 0.939693, 0.34202, 0, 2.99004e-08, -8.21505e-08, -1, -4.82079, 3.89144, -8.37875e-08)
size = Vector3(0.5, 2, 1)

[node name="OmniLight3D" type="OmniLight3D" parent="."]
transform = Transform3D(1, 0, 0, 0, 1, 0, 0, 0, 1, -4, 1.6, 0)
light_color = Color(0, 0.854902, 0.321569, 1)
light_energy = 9.0
omni_range = 3.0
